10,216
10,282
10,268
10,94
10,192
10,100
11,12
11,4
11,11
11,15
9,2
8,6
8,11
8,4
8,3
56,4
56,3
56,2
56,1
56,0
55,3
55,2
55,1
55,0
54,4
54,3
54,2
54,1
54,0
53,4
53,3
53,2
53,1
53,0
52,3
52,2
52,1
52,0
51,3
51,2
51,1
51,0
50,3
50,1
20,3
20,2
20,1
19,3
19,2
19,1
12,3
12,2
12,1
11,28
11,27
11,26
11,25
11,24
11,23
11,21
11,19
11,18
11,17
11,16
11,14
11,9
11,8
18,1
11,7
18,3
11,3
11,2
11,1
10,300
10,290
10,280
10,272
14,1
10,250
14,3
10,228
10,223
13,1
10,222
13,3
10,219
10,217
10,213
10,212
10,204
10,186
10,162
10,147
10,142
10,134
10,120
10,119
10,109
10,86
