82,52
82,51
82,50
82,49
82,48
82,47
82,46
82,45
82,44
82,43
82,42
82,41
82,40
82,39
82,38
82,37
82,36
82,35
10,28
10,156
10,206
10,64
10,114
10,228
10,86
9,6
9,4
9,2
8,6
8,16
8,12
8,1
8,9
8,3
56,4
56,3
56,2
56,1
56,0
55,3
55,2
55,1
55,0
54,4
54,3
54,2
54,1
54,0
53,4
53,3
53,2
53,1
53,0
52,3
52,2
52,1
52,0
51,3
51,2
51,1
51,0
50,3
50,1
49,8
49,7
49,6
49,5
49,4
49,3
49,1
20,3
20,2
20,1
19,3
19,2
19,1
12,3
12,2
12,1
11,28
11,27
11,26
11,25
11,24
11,23
11,22
11,21
11,20
11,19
11,18
11,17
11,16
11,15
11,14
11,13
11,12
11,11
11,10
11,9
11,8
11,7
11,6
11,5
